Type,query,Mean,Std,Median
1,query_1,336.0748291015625,64.43552232115721,304.93736267089844
1,query_2,255.99002838134766,39.39163423638011,243.5445785522461
1,query_3,281.4292907714844,13.37322093426369,282.64522552490234
1,query_4,843.9779281616211,190.36914961142764,895.0233459472656
2,query_1,268.9838409423828,222.87020886651985,179.52919006347656
2,query_2,184.4167709350586,23.66963410074323,177.9794692993164
2,query_3,190.71102142333984,22.797466845069984,184.53598022460938
2,query_4,183.67767333984375,9.01663636793023,182.86705017089844
3,query_1,177.9317855834961,15.456825608971743,174.99923706054688
3,query_2,177.52647399902344,9.416296430967048,176.6681671142578
3,query_3,176.71585083007812,17.186589773179215,173.92635345458984
3,query_4,218.67752075195312,24.040065844774233,213.86146545410156
