Type,query,Mean,Std,Median
1,query_1,270.9627151489258,64.05302713601819,236.98806762695312
1,query_2,186.18106842041016,32.2529231193741,169.39640045166016
1,query_3,270.10440826416016,74.59244078073671,263.45252990722656
1,query_4,5379.724502563477,1735.3744532820385,5851.149559020996
2,query_1,675.8213043212891,1458.9898518908208,174.64160919189453
2,query_2,191.76006317138672,17.92237037148944,183.8207244873047
2,query_3,187.11090087890625,18.94214229691135,177.26421356201172
2,query_4,261.71207427978516,65.16595630594684,238.06095123291016
3,query_1,189.9242401123047,19.454488561660682,184.05914306640625
3,query_2,182.6763153076172,21.089952825108362,174.04556274414062
3,query_3,310.2302551269531,74.47707957566377,299.3345260620117
3,query_4,304.1505813598633,49.736087143718045,293.0164337158203
