Type,query,Mean,Std,Median
1,query_1,598.907470703125,757.2941236765733,323.5340118408203
1,query_2,377.08282470703125,51.149559824345545,361.44256591796875
1,query_3,404.9539566040039,84.22476717068915,405.6692123413086
1,query_4,18222.475051879883,5984.7326793627135,20068.52626800537
2,query_1,2383.4943771362305,6251.766317130012,293.1356430053711
2,query_2,206.8042755126953,25.65570030409606,200.03318786621094
2,query_3,208.78314971923828,26.426212488867176,203.01342010498047
2,query_4,449.2759704589844,233.75910537325544,359.8928451538086
3,query_1,193.92967224121094,55.55574458420857,179.05235290527344
3,query_2,286.17382049560547,61.86445762239843,277.0423889160156
3,query_3,468.2779312133789,114.32733710856168,468.96934509277344
3,query_4,483.94203186035156,79.38012593729954,490.54622650146484
