Type,query,Mean,Std,Median
1,query_1,677.1326065063477,184.79511544778228,599.5035171508789
1,query_2,449.7051239013672,58.81577110357301,422.0008850097656
1,query_3,541.0194396972656,124.10060581957866,488.63887786865234
1,query_4,1892.3044204711914,511.73871292677944,2004.5042037963867
2,query_1,486.06395721435547,564.7291098719583,258.56494903564453
2,query_2,310.9931945800781,212.2509586614154,250.5779266357422
2,query_3,228.85799407958984,19.211108692716817,228.52420806884766
2,query_4,475.45433044433594,136.1001260370068,545.9785461425781
3,query_1,455.45101165771484,150.48016922515384,420.68958282470703
3,query_2,433.349609375,173.54672287245396,369.5487976074219
3,query_3,473.7377166748047,78.79248891256765,459.5518112182617
3,query_4,426.72157287597656,82.00530326311164,428.08055877685547
