Type,query,Mean,Std,Median
1,query_1,388.36002349853516,366.5870057096593,242.9485321044922
1,query_2,224.94792938232422,18.686678790862935,224.82872009277344
1,query_3,221.0855484008789,13.955961407902402,219.46430206298828
1,query_4,7868.8859939575195,2561.995329999111,8700.370788574219
2,query_1,972.3663330078125,2302.9174529902048,204.20551300048828
2,query_2,178.24172973632812,14.060714225623274,178.81393432617188
2,query_3,208.64009857177734,36.120918320774344,201.22528076171875
2,query_4,228.69110107421875,46.3596083605015,215.5303955078125
3,query_1,187.20626831054688,18.878717184186847,182.98625946044922
3,query_2,253.8442611694336,59.4084419149894,234.0078353881836
3,query_3,296.09203338623047,39.66262718874047,305.53340911865234
3,query_4,360.29815673828125,69.43646310106574,342.96512603759766
