Type,query,Mean,Std,Median
1,query_1,372.8628158569336,135.5672632967815,303.03001403808594
1,query_2,226.90296173095703,36.83039247791414,209.0930938720703
1,query_3,272.34554290771484,37.00868473595566,265.0022506713867
1,query_4,649.4283676147461,124.45890347587928,661.6115570068359
2,query_1,261.4736557006836,148.6042194841964,200.9868621826172
2,query_2,485.1818084716797,319.05556948568335,394.9403762817383
2,query_3,220.17955780029297,66.09995477157544,198.3642578125
2,query_4,189.30435180664062,28.06926952134871,179.05235290527344
3,query_1,179.79145050048828,11.056788526048203,177.50263214111328
3,query_2,181.12659454345703,19.50317897377685,177.02579498291016
3,query_3,214.45751190185547,21.739342827686876,209.92755889892578
3,query_4,230.26466369628906,30.024615001308508,220.5371856689453
