Type,query,Mean,Std,Median
1,query_1,550.1270294189453,374.5168135282398,380.9928894042969
1,query_2,475.88348388671875,54.62450101854759,470.28064727783203
1,query_3,509.33361053466797,155.59226612397396,472.66483306884766
1,query_4,17463.70792388916,5794.663887926455,18955.588340759277
2,query_1,2083.897590637207,5565.430495886711,222.4445343017578
2,query_2,281.66770935058594,225.6685491590381,192.52300262451172
2,query_3,234.03167724609375,79.98957186259106,202.53658294677734
2,query_4,240.08750915527344,40.64124248251117,226.3784408569336
3,query_1,215.7449722290039,45.925440299322794,203.96709442138672
3,query_2,224.39956665039062,45.12398990107676,212.55016326904297
3,query_3,275.9695053100586,66.91847207827081,263.9293670654297
3,query_4,327.49176025390625,68.74539993172645,316.97750091552734
