Type,query,Mean,Std,Median
1,query_1,878.0181407928467,13624.071522925622,420.0935363769531
1,query_2,495.51844596862793,907.6776053991188,440.83595275878906
1,query_3,551.3010025024414,1457.586229670445,478.98292541503906
1,query_4,2273.7510204315186,5182.4852363215405,1961.5888595581055
2,query_1,173.4144687652588,88.76215421233691,154.01840209960938
2,query_2,734.947681427002,4232.241197727404,572.0853805541992
2,query_3,159.52777862548828,48.77426271472579,145.91217041015625
2,query_4,160.477876663208,46.290094342605876,150.79975128173828
3,query_1,416.78571701049805,5357.5060579469255,225.067138671875
3,query_2,186.21253967285156,49.09372305396956,177.86026000976562
3,query_3,251.23119354248047,55.266133452825194,237.94174194335938
3,query_4,272.3510265350342,45.530164182474,262.0220184326172
