Type,query,Mean,Std,Median
1,query_1,562.2978210449219,521.9929606883785,513.7920379638672
1,query_2,451.2138366699219,928.2260564686882,400.18558502197266
1,query_3,485.9809875488281,1321.5618909717414,395.05958557128906
1,query_4,2346.135139465332,4233.652328327822,2078.0563354492188
2,query_1,294.4812774658203,3580.950541100897,159.0251922607422
2,query_2,160.4318618774414,43.656802517258214,149.9652862548828
2,query_3,164.5965576171875,49.53234121821441,154.73365783691406
2,query_4,161.41986846923828,46.03842640916264,149.9652862548828
3,query_1,192.63911247253418,142.79938215747998,177.86026000976562
3,query_2,338.44447135925293,4482.870699582193,177.86026000976562
3,query_3,261.92522048950195,51.09272610708474,251.77001953125
3,query_4,269.64783668518066,52.074791348325554,258.8033676147461
