Query,Minimum Execution Time (µs),Maximum Execution Time (µs),Average Response Time (µs)
1,145.875,26523.791,271.296388
2,142.0,22540.417,244.24340899999999
3,148.666,83841.5,324.990633
4,160.083,9390.542,225.48626000000002
5,159.75,9980.334,232.880633
6,153.833,12312.958,226.31802800000003
7,150.375,12007.333,223.662495
8,154.541,13608.959,222.06386200000003
9,149.5,50760.208,276.92668299999997
10,154.083,21711.542,234.878575
11,149.083,45041.625,299.19222900000005
12,155.292,32317.208,249.60735600000004
