Type,query,Mean,Std,Median
1,query_1,248.0792999267578,115.0541845092776,225.067138671875
1,query_2,158.0982208251953,53.19536728705353,144.48165893554688
1,query_3,465.7418727874756,8031.692633638336,185.96649169921875
1,query_4,5972.876071929932,1648.237330775817,5898.833274841309
2,query_1,246.86861038208008,1988.9563931665534,163.07830810546875
2,query_2,180.92012405395508,77.86599989836459,159.97886657714844
2,query_3,167.96302795410156,61.81280740270045,151.8726348876953
2,query_4,309.89694595336914,2436.686563178039,205.99365234375
3,query_1,162.26458549499512,63.46320056879011,149.01161193847656
3,query_2,176.76830291748047,72.73193110029263,161.88621520996094
3,query_3,292.8133010864258,2910.150497863416,182.86705017089844
3,query_4,226.67336463928223,68.01997817967208,211.0004425048828
