Query,Minimum Execution Time (µs),Maximum Execution Time (µs),Average Response Time (µs)
1,167.083,14037.208,230.50037799999998
2,156.5,60910.25,291.97555
3,149.125,16610.291,220.13656
4,156.875,8269.833,212.16533299999998
5,154.083,39172.709,258.39128
6,150.167,10018.334,209.844497
7,157.667,9875.083,214.15301799999997
8,155.584,10820.417,212.34383899999997
9,147.75,13579.208,207.41498
10,153.416,20955.167,218.37243300000003
11,153.959,32195.5,229.454029
12,155.209,180792.75,419.42372600000004
