Query,Minimum Execution Time (µs),Maximum Execution Time (µs),Average Response Time (µs)
1,170.209,13149.833,252.34000699999999
2,155.542,33082.458,260.627677
3,161.458,198056.208,514.004336
4,156.333,10849.917,218.211245
5,173.708,28972.208,281.794129
6,164.0,16076.417,246.597002
7,156.792,15595.875,228.72021600000002
8,156.042,15293.917,218.796692
9,158.0,18406.375,239.06701199999998
10,158.708,68388.166,280.91688100000005
11,160.25,202590.292,441.9917450000001
12,163.666,146672.458,438.89235599999995
