Query,Minimum Execution Time (µs),Maximum Execution Time (µs),Average Response Time (µs)
1,173.25,35762.041,262.37386300000003
2,159.709,43066.166,286.996331
3,159.417,35563.458,250.086629
4,157.375,289019.542,630.6939689999999
5,174.333,17043.958,284.386803
6,164.916,90407.125,346.04684100000003
7,160.375,16352.334,236.54511300000001
8,157.292,18076.75,232.691799
9,159.917,20219.084,232.12125400000002
10,158.167,59312.792,276.08065700000003
11,161.917,224499.167,491.027702
12,168.916,166358.5,394.87042799999995
