Type,query,Mean,Std,Median
1,query_1,784.0099334716797,11033.554579971362,390.5296325683594
1,query_2,290.6825542449951,103.0476118418658,261.06834411621094
1,query_3,323.3027458190918,1585.6210842408098,247.00164794921875
1,query_4,19400.200605392456,4890.932529823197,19164.085388183594
2,query_1,296.37885093688965,3658.367457516678,152.46868133544922
2,query_2,161.93556785583496,53.40414499864932,146.8658447265625
2,query_3,164.22367095947266,66.93472571585639,151.63421630859375
2,query_4,378.30400466918945,4847.045270213157,206.94732666015625
3,query_1,158.19573402404785,55.390113000085364,146.1505889892578
3,query_2,207.23366737365723,52.9186299978156,195.2648162841797
3,query_3,301.84412002563477,95.81835041776507,284.0757369995117
3,query_4,365.6647205352783,88.60152999790947,348.9255905151367
